1
2
3
4
5
6
7
8
9
10
11
12
13
14
15
16
17
18
19
20
21
22
23
4941
24
25
26
5627
5628
27
28
5700
29
30
5422
31
32
34
35
36
37
38
39
40
41
42
43
44
45
46
47
48
49
50
51
52
53
54
5168
55
56
57
58
5137
59
60
61
62
63
64
65
66
67
68
69
70
71
72
73
74
75
76
77
78
79
80
81
82
83
84
87
88
89
90
91
92
93
94
95
96
97
98
5232
4510
100
101
102
103
104
105
106
107
108
109
110
111
112
5534
113
114
5716
5698
115
116
5518
117
118
119
120
121
122
123
124
125
126
127
128
129
130
131
132
133
134
135
136
137
138
139
140
141
142
143
144
145
146
147
148
149
5007
5008
150
151
152
153
154
155
156
157
158
159
160
161
162
163
164
165
166
167
168
169
170
171
172
173
174
175
176
177
178
180
5293
181
182
183
184
185
186
187
188
189
4498
190
191
192
193
4415
194
195
196
197
198
199
200
201
202
203
204
205
206
207
208
209
210
211
212
213
214
215
216
217
218
5732
5733
219
220
221
222
223
224
225
226
227
228
229
230
231
232
233
234
235
236
237
238
239
240
241
242
243
244
245
246
247
248
249
250
251
252
253
254
255
256
257
258
259
260
261
262
263
264
265
266
267
268
269
270
271
272
273
274
275
276
277
278
279
280
281
282
283
284
285
3561
287
5263
288
289
290
291
292
293
5153
294
295
296
297
298
299
300
301
302
303
304
305
306
307
308
311
312
313
314
315
316
317
4118
318
319
320
321
322
323
324
325
326
327
328
329
3591
330
331
332
333
334
335
336
337
338
339
340
341
342
343
344
345
346
347
348
349
350
351
352
353
354
355
357
358
359
360
361
362
363
364
365
366
367
368
369
371
3590
374
375
376
377
378
379
380
381
382
383
384
386
387
388
389
390
391
392
393
394
4779
4780
4781
396
397
398
399
400
5516
402
403
404
405
406
407
408
410
411
412
413
414
415
416
417
418
419
420
421
422
423
424
425
426
427
428
429
430
431
432
433
434
435
436
437
438
439
444
445
4198
448
449
450
451
452
453
454
455
456
457
458
459
460
461
462
463
464
465
466
467
468
469
470
471
472
473
474
475
476
477
478
479
480
481
482
483
5086
5087
485
486
487
488
489
490
491
492
493
494
495
496
497
498
499
500
501
502
503
504
505
506
507
508
509
510
511
512
513
514
516
517
518
519
520
521
522
523
524
5146
526
527
528
529
530
531
532
533
534
535
537
538
539
540
541
3457
543
544
546
547
548
549
550
551
552
553
554
556
558
559
560
561
562
563
565
566
567
568
569
570
572
573
574
575
576
578
579
580
581
582
583
584
585
586
587
588
589
590
591
592
594
595
596
597
598
599
600
601
602
603
604
605
606
607
608
609
610
611
612
613
614
615
616
617
5729
618
619
620
621
622
623
624
625
626
627
628
629
630
631
632
633
636
637
638
639
641
642
644
645
646
647
648
649
650
651
653
654
656
657
658
659
660
661
662
663
665
666
667
668
5597
669
670
671
672
673
674
676
677
678
679
681
682
683
5255
684
5062
685
686
687
689
690
691
692
693
694
695
696
697
698
700
701
4472
703
704
705
4413
706
707
708
709
710
711
712
713
714
715
716
717
718
719
3636
3637
722
723
724
725
727
728
729
730
5310
731
732
733
734
735
736
737
3596
738
739
740
741
742
743
744
745
746
747
748
749
750
751
752
753
754
755
756
757
758
759
760
761
762
763
764
765
4971
4906
766
4436
769
770
771
772
773
774
775
776
777
778
779
780
781
782
783
784
785
786
787
788
792
793
795
796
797
798
799
800
801
802
803
804
807
808
809
811
813
5536
5537
815
5433
5434
819
820
821
823
824
825
828
829
830
832
833
835
836
838
839
840
842
844
845
846
847
848
849
850
851
852
853
854
855
856
857
858
859
860
862
863
864
865
867
868
869
870
871
872
3065
875
876
877
878
879
880
881
882
884
3641
886
887
888
889
890
891
892
893
894
895
896
897
898
899
900
901
902
903
904
905
906
907
908
909
911
912
913
914
915
916
917
918
919
920
921
922
923
924
925
926
927
928
929
930
931
932
933
934
935
936
937
939
940
941
942
943
944
945
946
947
948
949
950
951
952
953
954
956
957
5155
958
959
960
961
962
963
964
965
966
967
968
969
970
971
972
973
974
975
976
977
978
4771
4772
980
981
982
983
984
985
986
987
988
989
990
991
992
993
995
4423
4424
998
999
1000
1001
1003
1004
1006
1007
1008
1010
1011
1012
1013
1015
1016
1018
1019
1020
1021
1022
1023
1024
1025
1027
1028
1029
1030
1033
1034
1035
1036
1037
1038
1039
1040
1041
1042
4774
4776
4777
4778
1049
1052
3639
1055
1057
1059
1063
1065
1066
1067
1069
1070
1071
1072
1073
1074
1076
1077
1078
1079
1080
1081
1082
1083
1084
1085
1086
1087
5197
1090
1091
1092
1093
1095
1096
1097
1099
1101
1102
1104
1105
1106
1107
1108
1109
1110
1111
1112
1113
1114
1115
1116
1117
1118
1119
4960
1121
1122
1123
1124
1127
1128
1129
1130
1131
1132
1133
1134
1135
1136
1137
1138
1139
1140
1141
1142
1143
1144
1146
1147
1148
1149
1150
1151
1153
1154
4425
4426
1156
1157
1159
1160
1161
1162
1163
1166
1167
1168
1169
4195
1171
1172
1173
1174
1175
1177
1178
1179
1180
1181
1182
1183
1184
1185
1186
1187
1188
1189
1190
1191
1192
1194
3618
1195
1196
1197
1198
1199
5574
5575
5576
1202
5583
5578
5572
1209
1210
5550
5551
1213
5571
1215
5565
5566
5567
1218
5553
5554
5555
5556
1222
1225
1226
1227
1228
1229
1230
1231
1232
1233
1234
1235
1236
1237
1238
1239
1240
1241
1242
1243
4174
1244
1245
1246
1247
1248
1249
1250
1251
1252
1253
1255
1256
1257
1258
1259
1260
1262
1263
1264
1265
1266
1267
1268
1269
1270
1271
1273
1274
4888
1276
1277
1278
1279
1280
1281
1282
1283
1284
1285
1287
1288
1289
1290
1291
1292
1293
5680
1295
1297
1298
1299
1300
1301
1302
1303
1304
1305
1308
1311
1312
1313
1314
1315
1316
1318
1320
1321
1322
1323
1324
1326
5163
1327
1329
1330
1331
1332
1333
1334
1335
1338
1339
1340
1341
1342
1343
1345
1346
1347
1348
1349
1350
1351
1352
1353
1354
1355
3454
1358
1359
1360
1361
1363
1365
1366
1367
1368
1370
1371
1372
1374
1375
1377
1378
1379
1380
1381
1383
1384
1385
1386
1387
1388
1389
1391
1392
1394
1395
1396
3490
1398
1399
1400
1402
1403
1404
1405
1408
1409
1412
1413
1415
1416
1417
1418
1419
1421
4241
1423
1424
1425
1426
1427
1428
1429
1430
1431
1432
1433
1434
1435
1436
1437
1438
1439
1441
1442
1443
5526
1445
1446
1447
1448
1449
1450
1451
1452
1453
1455
1456
1457
1458
1459
1460
1461
5196
1465
1466
1468
1470
5579
5580
5581
5582
1473
1474
3640
1478
1480
1481
1482
1483
1484
1485
1486
1487
1489
1490
1491
1493
1494
1495
1497
1498
1500
1501
1503
1878
1938
1939
2003
2004
2006
2007
2008
2009
2010
2012
2013
2014
2015
2016
2017
2018
2020
2022
2023
2024
2025
2026
2027
2028
2029
2030
2031
2033
2034
2035
2036
2037
2038
2039
2040
2041
2042
5541
2044
2045
2046
2048
2049
2050
2051
2054
2055
2056
2057
2058
2059
2061
2062
2063
2064
2065
2066
2067
2068
3501
2070
2071
2072
2073
2074
2075
2076
2077
2078
2079
2080
2081
2082
2083
2084
5322
2085
2086
2087
2088
2089
2090
2091
2092
2093
2094
2095
2096
2097
2098
2099
2100
2101
2102
2104
4348
2108
2110
2112
2113
2115
2116
4183
2118
2125
2128
2130
2131
2132
2134
2136
2137
2138
2139
2140
2142
2143
2144
3485
2147
2148
2149
2150
2151
2152
2153
2154
2156
2157
2158
5631
2160
2161
2162
2163
5586
5587
5588
2167
2168
2169
5589
2172
2173
2174
2175
2176
2177
2178
2179
2180
2182
2183
2184
2185
2187
2188
2189
2190
2191
2192
2193
2195
2196
2197
2198
2199
2200
2201
2203
2204
2205
2206
2207
2208
2209
2210
2211
2212
2213
2214
2215
2216
2217
2218
2219
2220
2222
2223
2224
2225
2226
4979
2228
2230
2231
2232
2233
2234
2236
2238
2239
2240
2241
2242
2243
2244
2245
2246
2247
2248
2249
2250
2251
2252
2254
2255
2256
2258
2259
2260
2261
2262
2263
2264
2265
2266
2268
2269
2270
2272
2274
2275
2276
2277
2278
2279
2280
5549
2282
2283
2284
2285
2286
2287
2288
2289
2290
2291
2292
2293
2294
2295
2296
2297
2298
2299
2300
2301
2302
2303
2304
2305
2306
2307
2308
2309
2310
2311
2313
5085
2314
2316
2317
2318
5546
2320
2321
2322
2323
2324
2325
2326
2327
2328
2329
2330
2331
2332
2333
2334
2335
2336
2337
2338
2339
2340
2341
2342
2343
2344
2345
2346
2347
2348
2349
2350
2351
2352
2353
2354
2355
2357
2358
2359
5547
5548
2360
2361
2362
2363
2364
2365
2366
2367
2368
2369
2370
3549
2372
2374
2375
2376
2377
2378
2379
2381
2382
2383
5531
2384
2385
2386
2387
2388
2389
2390
2391
2392
2393
2394
2395
2396
2397
2398
2399
2400
2401
2402
2403
2404
2406
2407
2408
2409
2410
2411
2412
2413
2414
2415
2416
2417
2418
2419
5542
2501
2502
5678
5654
5655
2503
2504
2505
2506
2507
2508
2509
2510
2512
5490
2514
2515
2516
2517
2518
2519
2520
2521
2522
2523
5633
2524
2525
2526
2527
2528
2529
2530
2531
2532
2533
2535
2536
2538
3512
2540
2541
2542
2543
2544
2545
2546
2547
2548
2549
2550
2551
2554
2556
4773
2559
2560
2561
2562
2563
2564
2565
2566
2567
2568
2572
2574
2575
2576
2577
2578
2579
2580
2581
2582
2583
2584
2585
2586
2587
2588
2589
2590
2591
2592
2593
2595
2596
2597
4350
2599
3000
3001
4346
4347
3003
3004
3005
3006
3007
3008
3009
3010
3011
3012
3013
3014
3015
3016
3017
3018
3019
3020
3021
3022
3023
3024
3025
3026
3027
3028
4349
4344
3031
3032
3033
3034
3035
3036
3037
3038
3039
3040
3041
3042
3043
3044
3045
3046
3047
3048
3049
3050
3051
3052
3053
3054
3055
3056
3057
3058
3059
3060
3061
3062
3063
3064
3592
3066
3068
3069
3070
3071
3072
3073
3074
3075
3076
3077
3078
3079
3080
3081
3082
3083
3084
3085
3086
3087
3088
3089
3090
3091
3092
3093
3095
3096
3097
3098
3100
3101
3103
3104
3105
3107
3108
3109
3110
3111
3112
3113
3114
3115
3116
3117
3118
3119
3120
3121
3122
3123
3643
3126
3127
3128
3129
3132
3133
3134
3483
3136
3137
3138
4882
3140
5585
3144
3145
5538
5544
5545
3156
3157
5577
5573
5570
3161
3163
5563
5564
5562
5561
5558
5559
5560
5557
5552
3173
3174
3175
3176
3177
3178
3187
3189
3190
3191
3192
3193
3195
3196
3197
3198
3199
3202
3203
3204
3205
3206
3207
3208
3589
3210
3211
3212
3213
3214
3215
3216
3217
3218
3219
3220
3221
3222
3223
3224
3225
3226
3227
3230
3231
3232
3233
3234
3235
3236
3237
3238
3241
3242
3243
3244
5691
5690
3247
3248
5688
5689
5342
3252
3253
5693
3255
5692
3257
3259
3260
3261
3262
3263
3264
3265
3267
3268
3269
3270
3271
3272
3273
3275
3276
3277
3278
3280
3281
3282
3283
3284
3285
3286
3287
3288
3289
3290
3291
3292
3293
3294
3295
3296
3297
3298
3299
3300
3301
3302
3303
3304
3306
3307
3308
3309
3310
4194
3312
3313
3314
3315
3316
3317
5338
3617
3319
3323
3324
3326
3327
3328
3329
3331
4887
3333
3334
3335
3336
3338
3339
3340
3341
3344
3345
3347
3348
3349
3350
3351
3352
3353
3354
3355
3358
3359
3360
3361
3362
3363
3364
3365
3366
3367
3369
4441
3371
3372
3373
3374
3375
3376
3378
3379
3380
3381
4257
3383
3384
3385
3386
3387
3388
3389
3638
3391
3392
3393
3394
3395
3396
3397
3398
3399
3400
3401
3402
3403
3404
3405
3406
3407
3409
3410
3411
3412
3413
3414
3415
3416
3417
3418
3419
3420
3421
3422
3423
3425
3426
3428
3429
3430
3432
3433
3435
3436
3437
3439
3440
3442
3443
3444
3455
3456
3458
3459
3462
5723
3465
3466
3467
3468
3469
3484
3472
3473
3474
3475
3476
3477
3478
3479
3482
3486
3487
3488
3491
3492
3493
3494
3495
3496
3497
3498
3499
3500
3503
3504
3506
3507
3508
3509
3510
3511
3627
3526
3527
3544
3528
3529
3530
3531
3533
3534
3535
3536
3538
3539
3541
3542
3546
3547
3550
3551
3552
3553
3554
3556
3557
3558
3559
3560
3562
3564
3565
3566
3567
3568
3569
3570
3571
3572
3573
3574
3575
3576
3577
3578
3579
3580
5721
5722
3582
3583
3584
3585
3586
3587
3588
3593
4970
3594
3604
3616
3599
3600
3605
3606
3607
3609
5694
5695
5696
3611
3612
3613
3614
3615
3619
3620
3621
3622
3623
3625
3626
3628
3629
3630
3631
3632
3633
3634
3635
3645
3644
3646
4116
4119
4121
4122
4123
4124
5601
5600
4131
4132
4134
4345
4136
4137
5599
4139
4140
4141
4142
4143
4144
4145
4146
4147
4148
4149
4150
4151
4153
4154
4155
4156
4157
4158
4161
4162
4163
4164
4165
5194
5195
4167
4169
4750
4171
4172
4173
4175
4176
4177
5176
5177
4178
4179
4217
4181
4184
4185
4186
4187
4188
4189
4190
5077
5598
4196
4197
4199
4200
4201
4202
4203
5097
5098
4204
5623
4205
4206
4207
4209
3555
4211
4212
4213
4214
4215
4216
4218
4219
4220
4221
4222
4223
4267
4268
4224
4258
4259
4260
4261
4244
4245
4225
4226
4227
4228
4229
4230
4231
4232
4233
4234
4235
4236
4263
4264
4265
4266
4237
4238
4239
4240
4242
4251
4252
4253
4254
4255
4256
4246
4247
4248
4249
4250
4262
4243
4269
4270
4271
4272
4273
4274
4275
4276
4277
4278
4279
4280
4281
4282
4283
4284
4285
4286
4287
4288
4289
4290
4291
5043
4292
4293
4294
4295
4296
4297
4298
4299
4300
4301
4302
4303
4304
4305
4306
4307
4308
4309
4310
4311
4312
4313
4314
4315
4316
5456
5166
4317
4318
4319
4320
4321
4322
4323
4324
4352
4421
4327
4328
4329
4330
4331
4332
5044
4333
4334
4335
4784
4782
4783
4341
4342
4343
4351
4356
4354
4355
4357
4358
4359
4362
4363
4364
4365
4366
4367
4368
4369
4371
4372
4373
4374
4375
4376
4378
4379
4380
4381
4382
4383
4384
4385
4386
4387
4388
4389
4390
4391
4392
4393
4394
4395
4397
4398
4399
4400
4401
4402
4403
4404
4405
4406
4407
4408
4409
4515
4410
4411
5568
4412
4414
4417
4418
4484
4420
4461
4422
4427
4428
4524
4463
4429
4430
4431
4432
4433
4434
4435
4437
4438
4439
4440
4447
4442
4443
4444
4445
4446
4448
4449
4450
4451
4452
4453
4454
4455
4456
4457
4458
4459
4460
4462
4464
4465
4466
4467
4468
4469
4470
4471
4473
4474
4475
4476
4477
4478
4479
4480
4481
4482
4483
4485
4486
4487
4489
4491
4492
4493
4494
4495
4496
4497
4542
4499
4500
4501
4502
4503
4504
4505
4506
4507
4508
4509
4511
4512
4513
4516
4517
4518
4519
4520
4521
4891
4522
4523
4525
4526
4527
4529
4530
4531
4532
4533
4534
4535
4536
4537
4538
4539
4540
4541
4544
4545
4546
4547
4549
4550
4551
4552
4554
4555
4556
4557
4558
4559
4560
4561
4757
4758
4562
4563
4564
4565
4566
4567
4568
4569
4570
4571
4572
4573
4574
4575
4576
4577
4578
4579
4580
4581
4582
4583
4584
4585
4586
4587
4588
4589
4590
4592
4593
4594
4595
4596
4597
4598
4599
4600
4601
4602
4603
4604
4605
4606
4607
4608
4609
4610
4611
4612
4613
4614
4615
4616
4617
4618
4619
4620
4621
4622
4623
4624
4625
4626
4627
4628
4629
4630
4631
4632
4633
4634
4635
4636
4637
4638
4639
4640
4641
4642
4643
4644
4645
4646
4647
4648
4649
4650
4651
4652
4653
4654
4655
4656
4657
4658
4659
4660
4661
4662
4663
4664
4665
4666
4667
4668
4669
4670
4671
4672
4673
4674
4675
4676
4678
4679
4680
4681
4682
4683
4684
4685
4686
4687
4688
4689
4690
4691
4692
4693
4694
4695
4696
4697
4698
4699
4700
4701
4702
4703
4704
4705
4706
4707
4708
4709
4710
4711
4712
4713
4714
4715
4716
4717
4718
4719
4720
4721
4722
4723
4724
4725
4726
4727
4728
4729
4730
4731
4732
4733
4734
4735
4736
4737
4738
4739
4741
4742
4743
4744
4745
4746
4747
4766
4748
4749
4751
4752
4753
4754
4755
4756
4759
4760
4761
4763
5486
4764
4765
4762
4767
4769
4770
4785
4786
4788
4789
4790
4791
4792
4793
4794
4795
4796
4797
4798
4799
4800
4801
4802
4803
4804
4805
4806
4807
4808
4809
4810
4811
4812
4813
4814
4815
4816
4817
4818
4819
4820
4821
4822
4823
4824
4825
4826
4827
4828
4829
4830
4831
4832
4833
4834
4835
4836
4837
4838
4839
4840
4841
4842
4843
4844
4845
4846
4847
4848
4849
4850
4851
4852
4853
4854
4855
4856
4857
4858
4859
5528
5529
5530
4861
4862
4863
4864
4865
4866
4867
4907
4869
4870
4871
4872
4873
4874
4875
5523
4876
4877
4878
4879
4880
4881
4883
4884
4885
4886
4889
5165
5725
4890
4892
4893
4894
4895
4896
4897
4898
4899
4900
4901
4902
4903
4904
4905
4908
4909
4910
4911
4912
4913
4914
5584
4916
4917
4918
4919
4920
4921
4922
4923
4924
4925
4927
4928
4929
4930
4931
4932
4933
4934
4935
4936
4937
4938
4939
4940
4942
4943
4944
4945
4946
4947
4948
4949
4950
4951
4952
4953
4954
4955
4956
4957
4958
4959
4961
4962
4963
4964
4965
4966
4967
4968
5009
4972
4973
4974
4975
4976
4977
4978
4980
4981
4982
4983
4984
4985
4986
4987
4988
4989
4990
4991
4992
4993
4994
4995
4996
4997
4998
5000
5001
5002
5003
5004
5005
5006
5010
5011
5012
5013
5014
5015
5016
5017
5018
5019
5020
5021
5022
5023
5024
5025
5026
5027
5028
5029
5030
5031
5032
5033
5034
5035
5206
5037
5038
5039
5040
5041
5042
5100
5045
5046
5047
5048
5049
5050
5051
5052
5053
5054
5055
5056
5057
5058
5059
5060
5061
5063
5064
5065
5066
5067
5068
5527
5070
5071
5073
5145
5074
5075
5076
5078
5079
5080
5081
5083
5084
5088
5089
5090
5091
5092
5093
5094
5095
5096
5101
5102
5103
5104
5315
5105
5106
5107
5108
5109
5110
5224
5216
5113
5114
5115
5116
5118
5117
5119
5120
5121
5122
5123
5124
5125
5126
5127
5128
5129
5130
5131
5132
5133
5134
5135
5136
5138
5139
5140
5141
5592
5593
5594
5595
5596
5143
5144
5147
5148
5149
5150
5151
5152
5154
5156
5157
5158
5159
5160
5161
5162
5164
5167
5169
5170
5171
5172
5173
5174
5178
5179
5180
5395
5181
5182
5183
5184
5185
5186
5187
5188
5189
5190
5191
5192
5193
5198
5378
5199
5200
5201
5202
5203
5204
5205
5207
5208
5209
5210
5211
5212
5213
5214
5215
5217
5218
5219
5220
5222
5223
5225
5226
5227
5228
5229
5231
5233
5234
5235
5236
5237
5238
5239
5240
5241
5242
5243
5244
5245
5246
5247
5248
5249
5250
5251
5519
5257
5258
5259
5260
5653
5262
5264
5266
5267
5268
5269
5270
5271
5272
5273
5274
5275
5276
5277
5278
5279
5280
5281
5282
5283
5284
5285
5286
5287
5419
5289
5290
5291
5292
5294
5295
5296
5297
5298
5299
5300
5301
5302
5303
5304
5305
5306
5307
5308
5309
5311
5376
5312
5313
5314
5316
5317
5318
5319
5320
5321
5323
5324
5325
5326
5327
5328
5329
5648
5331
5332
5333
5334
5335
5336
5337
5377
5339
5340
5341
5343
5344
5345
5346
5347
5348
5349
5350
5351
5352
5681
5353
5354
5355
5356
5357
5358
5359
5360
5361
5362
5363
5364
5365
5366
5367
5368
5369
5370
5371
5372
5373
5374
5375
5379
5380
5381
5382
5383
5384
5385
5569
5387
5388
5389
5390
5391
5392
5393
5394
5396
5397
5398
5402
5400
5401
5543
5404
5405
5406
5407
5408
5409
5410
5411
5412
5413
5414
5415
5416
5417
5420
5421
5423
5424
5425
5426
5427
5428
5429
5430
5431
5435
5436
5437
5438
5439
5440
5441
5482
5443
5444
5445
5446
5447
5448
5668
5450
5452
5453
5454
5455
5457
5458
5507
5460
5461
5462
5463
5464
5465
5466
5467
5468
5469
5470
5471
5472
5473
5474
5475
5476
5477
5478
5479
5480
5481
5483
5484
5485
5487
5488
5489
5491
5494
5495
5496
5497
5498
5499
5500
5501
5502
5504
5505
5506
5508
5522
5509
5512
5511
5513
5514
5515
5517
5520
5521
5524
5525
5533
5532
5535
5540
5590
5591
5602
5603
5604
5605
5606
5607
5608
5609
5610
5611
5612
5613
5614
5615
5616
5617
5618
5619
5620
5621
5622
5624
5625
5626
5629
5630
5632
5634
5635
5636
5637
5638
5639
5640
5641
5642
5643
5644
5645
5646
5647
5649
5650
5651
5652
5656
5657
5658
5659
5660
5661
5662
5663
5664
5665
5666
5667
5669
5670
5671
5672
5673
5674
5675
5676
5677
5679
5682
5683
5684
5685
5686
5697
5699
5701
5702
5703
5705
5706
5707
5708
5709
5710
5711
5712
5713
5715
5717
5718
5720
5724
5726
5727
5728
5730
5731

