4935
4936
4937
4938
4939
4940
4942
4943
4944
4945
4946
4947
4948
4949
4950
4951
4952
4953
4954
4955
4956
4957
4958
4959
4961
4962
4963
4964
4965
4966
4967
4968
5009
4972
4973
4974
4975
4976
4977
4978
4980
4981
4982
4983
4984
4985
4986
4987
4988
4989
4990
4991
4992
4993
4994
4995
4996
4997
4998
5000
5001
5002
5003
5004
5005
5006
5010
5011
5012
5013
5014
5015
5016
5017
5018
5019
5020
5021
5022
5023
5024
5025
5026
5027
5028
5029
5030
5031
5032
5033
5034
5035
5206
5037
5038
5039
5040
5041
5042
5100
5045
5046
5047
5048
5049
5050
5051
5052
5053
5054
5055
5056
5057
5058
5059
5060
5061
5063
5064
5065
5066
5067
5068
5527
5070
5071
5073
5145
5074
5075
5076
5078
5079
5080
5081
5083
5084
5088
5089
5090
5091
5092
5093
5094
5095
5096
5101
5102
5103
5104
5315
5105
5106
5107
5108
5109
5110
5224
5216
5113
5114
5115
5116
5118
5117
5119
5120
5121
5122
5123
5124
5125
5126
5127
5128
5129
5130
5131
5132
5133
5134
5135
5136
5138
5139
5140
5141
5592
5593
5594
5595
5596
5143
5144
5147
5148
5149
5150
5151
5152
5154
5156
5157
5158
5159
5160
5161
5162
5164
5167
5169
5170
5171
5172
5173
5174
5178
5179
5180
5395
5181
5182
5183
5184
5185
5186
5187
5188
5189
5190
5191
5192
5193
5198
5378
5199
5200
5201
5202
5203
5204
5205
5207
5208
5209
5210
5211
5212
5213
5214
5215
5217
5218
5219
5220
5222
5223
5225
5226
5227
5228
5229
5231
5233
5234
5235
5236
5237
5238
5239
5240
5241
5242
5243
5244
5245
5246
5247
5248
5249
5250
5251
5519
5257
5258
5259
5260
5653
5262
5264
5266
5267
5268
5269
5270
5271
5272
5273
5274
5275
5276
5277
5278
5279
5280
5281
5282
5283
5284
5285
5286
5287
5419
5289
5290
5291
5292
5294
5295
5296
5297
5298
5299
5300
5301
5302
5303
5304
5305
5306
5307
5308
5309
5311
5376
5312
5313
5314
5316
5317
5318
5319
5320
5321
5323
5324
5325
5326
5327
5328
5329
5648
5331
5332
5333
5334
5335
5336
5337
5377
5339
5340
5341
5343
5344
5345
5346
5347
5348
5349
5350
5351
5352
5681
5353
5354
5355
5356
5357
5358
5359
5360
5361
5362
5363
5364
5365
5366
5367
5368
5369
5370
5371
5372
5373
5374
5375
5379
5380
5381
5382
5383
5384
5385
5569
5387
5388
5389
5390
5391
5392
5393
5394
5396
5397
5398
5402
5400
5401
5543
5404
5405
5406
5407
5408
5409
5410
5411
5412
5413
5414
5415
5416
5417
5420
5421
5423
5424
5425
5426
5427
5428
5429
5430
5431
5435
5436
5437
5438
5439
5440
5441
5482
5443
5444
5445
5446
5447
5448
5668
5450
5452
5453
5454
5455
5457
5458
5507
5460
5461
5462
5463
5464
5465
5466
5467
5468
5469
5470
5471
5472
5473
5474
5475
5476
5477
5478
5479
5480
5481
5483
5484
5485
5487
5488
5489
5491
5494
5495
5496
5497
5498
5499
5500
5501
5502
5504
5505
5506
5508
5522
5509
5512
5511
5513
5514
5515
5517
5520
5521
5524
5525
5533
5532
5535
5540
5590
5591
5602
5603
5604
5605
5606
5607
5608
5609
5610
5611
5612
5613
5614
5615
5616
5617
5618
5619
5620
5621
5622
5624
5625
5626
5629
5630
5632
5634
5635
5636
5637
5638
5639
5640
5641
5642
5643
5644
5645
5646
5647
5649
5650
5651
5652
5656
5657
5658
5659
5660
5661
5662
5663
5664
5665
5666
5667
5669
5670
5671
5672
5673
5674
5675
5676
5677
5679
5682
5683
5684
5685
5686
5697
5699
5701
5702
5703
5705
5706
5707
5708
5709
5710
5711
5712
5713
5715
5717
5718
5720
5724
5726
5727
5728
5730
5731
